0 20 0
0 5 223
0 3 245
0 0 249
1 13 223
2 1 301
3 13 10
4 13 10
5 13 10
6 15 11
7 15 11
8 15 11
9 2 329
9 3 332
9 4 336
10 2 330
10 3 333
10 4 337
11 2 331
11 3 335
11 4 338
12 7 22
12 1 152
12 0 329
13 7 24
13 1 312
14 7 22
14 1 153
14 0 330
15 7 22
15 1 154
15 0 331
16 13 23
16 0 332
17 13 23
17 0 333
18 13 23
18 0 335
19 15 25
19 1 155
19 0 336
20 15 25
20 1 156
20 0 337
21 15 25
21 1 158
21 0 338
22 1 159
22 0 339
23 0 340
24 1 323
24 2 334
25 1 160
25 0 341
26 7 36
26 1 161
26 0 342
27 7 36
27 1 162
27 0 343
28 7 36
28 1 163
28 0 344
29 0 3
29 13 37
30 0 4
30 13 37
31 0 5
31 13 37
32 0 6
32 15 38
32 1 164
33 0 7
33 15 38
33 1 165
34 0 8
34 15 38
34 1 166
35 18 13
35 7 90
35 6 264
36 0 9
36 2 12
36 3 16
36 4 19
36 1 167
37 0 10
37 2 14
37 3 17
37 4 20
38 0 11
38 2 15
38 3 18
38 4 21
38 1 169
39 7 42
39 1 184
40 7 42
41 7 42
42 1 185
43 7 53
43 1 186
44 7 53
44 1 187
45 7 53
45 1 188
46 18 13
46 1 35
46 7 113
46 6 264
47 13 54
48 13 54
49 13 54
50 15 55
51 15 55
52 15 55
53 2 39
53 1 189
54 2 40
55 2 41
56 9 26
56 7 66
57 20 79
57 7 90
57 6 265
58 9 27
58 7 66
59 9 28
59 7 66
60 9 29
60 13 67
61 9 30
61 13 67
62 9 31
62 13 67
63 9 32
63 15 69
64 9 33
64 15 69
65 9 34
65 15 69
66 9 36
67 9 37
68 20 79
68 7 101
68 6 265
69 9 38
70 7 80
71 7 80
72 7 80
73 13 81
74 13 81
75 13 81
76 15 82
77 15 82
78 15 82
79 1 68
79 20 79
79 7 124
79 6 265
80 2 56
80 3 60
80 4 63
81 2 58
81 3 61
81 4 64
82 2 59
82 3 62
82 4 65
83 0 56
83 7 93
83 1 200
84 0 58
84 7 93
84 1 202
85 0 59
85 7 93
85 1 203
86 0 60
86 13 94
87 0 61
87 13 94
88 0 62
88 13 94
89 0 63
89 15 95
89 1 204
90 18 24
90 6 266
91 0 64
91 15 95
91 1 205
92 0 65
92 15 95
92 1 206
93 0 66
93 1 207
94 0 67
95 0 69
95 1 208
96 0 70
96 7 106
96 1 209
97 0 71
97 7 106
97 1 210
98 0 72
98 7 106
98 1 211
99 0 73
99 13 107
100 0 74
100 13 107
101 18 24
101 2 35
101 6 266
102 0 75
102 13 107
103 0 76
103 15 108
103 1 213
104 0 77
104 15 108
104 1 214
105 0 78
105 15 108
105 1 215
106 0 80
106 2 83
106 3 86
106 4 89
106 1 216
107 0 81
107 2 84
107 3 87
107 4 91
108 0 82
108 2 85
108 3 88
108 4 92
108 1 217
109 7 115
109 0 201
110 7 115
110 0 212
111 15 116
111 0 246
112 13 223
113 18 24
113 1 90
113 6 266
114 15 116
114 0 257
115 0 268
116 0 275
117 7 121
117 0 276
118 7 121
118 0 277
119 15 122
119 0 278
120 15 122
120 0 280
121 2 109
121 4 111
121 0 281
122 2 110
122 4 114
122 0 282
123 17 117
123 7 130
124 18 24
124 2 46
124 1 101
124 6 266
125 7 130
125 11 227
126 17 118
126 7 130
126 11 228
127 17 119
127 15 131
128 15 131
128 11 230
129 17 120
129 15 131
129 11 231
130 17 121
131 17 122
131 11 233
132 7 137
133 7 137
134 15 138
135 7 146
136 15 138
137 2 123
137 4 127
138 2 126
138 4 129
139 1 123
139 7 143
139 0 283
140 1 126
140 7 143
140 0 285
141 1 127
141 15 144
141 0 289
142 1 129
142 15 144
142 0 292
143 1 130
143 0 293
144 1 131
144 0 295
145 1 132
145 7 150
145 0 296
146 2 35
147 1 133
147 7 150
147 0 297
148 1 134
148 15 151
148 0 300
149 1 136
149 15 151
149 0 302
150 1 137
150 2 139
150 4 141
150 0 303
151 1 138
151 2 140
151 4 142
151 0 305
152 7 159
152 19 226
153 7 159
153 10 194
154 7 159
154 10 195
154 19 228
155 15 160
155 19 229
156 15 160
156 10 196
157 1 35
157 7 168
158 15 160
158 10 197
158 19 231
159 19 232
160 10 199
160 19 233
161 7 167
162 7 167
163 7 167
164 15 169
165 15 169
166 15 169
167 2 152
167 4 155
168 1 90
169 2 154
169 4 158
170 1 152
170 7 174
170 0 329
171 1 154
171 7 174
171 0 331
172 1 155
172 15 175
172 0 336
173 1 158
173 15 175
173 0 338
174 1 159
174 0 339
175 1 160
175 0 341
176 1 161
176 7 182
176 0 342
177 1 162
177 7 182
177 0 343
178 1 163
178 7 182
178 0 344
179 1 135
179 7 190
180 0 7
180 1 165
180 15 183
181 0 8
181 1 166
181 15 183
182 0 9
182 1 167
182 2 170
182 4 172
183 0 11
183 1 169
183 2 171
183 4 173
184 18 176
184 7 185
185 18 182
186 7 189
187 7 189
188 7 189
189 2 184
190 1 146
190 2 157
191 1 184
191 7 193
192 7 193
193 1 185
194 1 187
194 7 198
195 1 188
195 7 198
196 15 199
197 15 199
198 1 189
198 2 191
199 2 192
200 16 145
200 7 207
201 7 268
201 8 319
202 9 177
202 7 207
203 16 147
203 9 178
203 7 207
204 16 148
204 15 208
205 9 180
205 15 208
206 16 149
206 9 181
206 15 208
207 16 150
208 16 151
208 9 183
209 7 216
210 7 216
211 7 216
212 7 268
212 8 320
213 15 217
214 15 217
215 15 217
216 2 200
216 4 204
217 2 203
217 4 206
218 0 56
218 1 200
218 7 222
219 0 59
219 1 203
219 7 222
220 0 63
220 1 204
220 15 225
221 0 65
221 1 206
221 15 225
222 0 66
222 1 207
223 2 272
224 13 274
224 8 321
225 0 69
225 1 208
226 0 70
226 1 209
226 7 232
227 0 71
227 1 210
227 7 232
228 0 72
228 1 211
228 7 232
229 0 76
229 1 213
229 15 233
230 0 77
230 1 214
230 15 233
231 0 78
231 1 215
231 15 233
232 0 80
232 1 216
232 2 218
232 4 220
233 0 82
233 1 217
233 2 219
233 4 221
234 13 236
234 10 259
234 5 270
235 13 274
235 8 322
236 10 260
236 5 271
237 7 239
238 7 239
239 3 234
240 5 1
240 20 242
240 13 248
241 5 1
241 20 242
241 13 249
242 13 0
242 5 1
242 0 241
242 20 242
243 5 112
243 20 247
243 13 248
244 5 112
244 20 247
244 13 249
245 5 112
245 0 243
245 20 247
245 13 250
246 15 275
246 8 324
247 13 0
247 5 112
247 0 244
247 20 247
248 20 0
248 5 223
249 20 0
249 5 223
249 3 243
250 20 0
250 5 223
250 0 248
251 7 254
252 7 254
253 13 255
254 3 240
255 3 243
256 0 243
256 13 258
257 15 275
257 8 325
258 0 248
259 0 253
259 13 260
260 0 255
260 3 256
261 0 237
261 7 263
262 0 238
262 7 263
263 0 239
264 0 251
264 7 266
265 0 252
265 7 266
266 0 254
267 7 269
267 1 290
268 8 326
269 1 301
270 13 271
271 2 267
272 1 57
272 7 273
273 1 90
274 8 327
275 8 328
276 7 281
277 7 281
278 15 282
279 19 226
279 6 261
279 7 301
280 15 282
281 2 201
281 3 224
281 4 246
282 2 212
282 3 235
282 4 257
283 11 96
283 7 293
284 11 97
284 7 293
285 11 98
285 7 293
286 11 99
286 13 294
287 11 100
287 13 294
288 11 102
288 13 294
289 11 103
289 15 295
290 10 179
290 6 262
290 7 301
291 11 104
291 15 295
292 11 105
292 15 295
293 11 106
294 11 107
295 11 108
296 7 303
297 7 303
298 13 304
299 13 304
300 15 305
301 19 232
301 6 263
302 15 305
303 2 283
303 3 286
303 4 289
304 2 284
304 3 287
304 4 291
305 2 285
305 3 288
305 4 292
306 1 123
306 0 283
306 7 316
307 1 125
307 0 284
307 7 316
308 1 126
308 0 285
308 7 316
309 0 286
309 13 317
310 0 287
310 13 317
311 0 288
311 13 317
312 7 323
313 1 127
313 0 289
313 15 318
314 1 128
314 0 291
314 15 318
315 1 129
315 0 292
315 15 318
316 1 130
316 0 293
317 0 294
318 1 131
318 0 295
319 1 132
319 0 296
319 7 326
320 1 133
320 0 297
320 7 326
321 0 298
321 13 327
322 0 299
322 13 327
323 2 279
324 1 134
324 0 300
324 15 328
325 1 136
325 0 302
325 15 328
326 1 137
326 0 303
326 2 306
326 3 309
326 4 313
327 0 304
327 2 307
327 3 310
327 4 314
328 1 138
328 0 305
328 2 308
328 3 311
328 4 315
329 10 43
329 7 339
330 10 44
330 7 339
331 10 45
331 7 339
332 10 47
332 13 340
333 10 48
333 13 340
334 2 7
334 1 279
335 10 49
335 13 340
336 10 50
336 15 341
337 10 51
337 15 341
338 10 52
338 15 341
339 10 53
340 10 54
341 10 55
342 7 9
343 7 9
344 7 9